FullSyst    6.0225  ( +6.64265, -5.40084 )
Gammas    1.53438  ( +1.78426, -1.27586 )
Instrumental    2.18795  ( +2.90459, -1.27786 )
Instrumental_FTAG    0.146572  ( +0.19678, -0.082636 )
Instrumental_JESR    3.02446  ( +3.49346, -2.5404 )
NormFactors    2.88339  ( +2.48934, -3.13839 )
Theory    1.66004  ( +1.55216, -1.73074 )
VVPDF    0.339376  ( +0.379394, -0.299132 )
tHqPDF    0.609195  ( +0.715819, -0.497933 )
tWHPDF    0.0208333  ( +0.0195663, -0.0216729 )
tZqPDF    0.185062  ( +0.179645, -0.188017 )
ttHPDF    0.350756  ( +0.243319, -0.417199 )
ttWPDF    2.73281  ( +2.59983, -2.81232 )
ttZPDF    0.0949427  ( +0.0733255, -0.109055 )
ttbarPDF    0  ( +0, -0 )
