FullSyst    5.294  ( +4.1942, -6.20894 )
Gammas    1.07191  ( +1.11651, -1.01134 )
Instrumental    1.90343  ( +1.01047, -2.55408 )
Instrumental_FTAG    0.105677  ( +0.148155, --nan )
Instrumental_JESR    3.24724  ( +1.31428, -4.44553 )
NormFactors    2.26794  ( +1.41289, -2.93805 )
Theory    1.72273  ( +1.36223, -2.05218 )
VVPDF    0.265974  ( +0.313176, -0.195966 )
tHqPDF    0.601821  ( +-nan, -0.914316 )
tWHPDF    0.0740222  ( +0.0175522, -0.106704 )
tZqPDF    0.187081  ( +0.162805, -0.21075 )
ttHPDF    0.422289  ( +0.175994, -0.588385 )
ttWPDF    1.72258  ( +1.51581, -1.92519 )
ttZPDF    0.0797159  ( +0.0651543, -0.0933751 )
ttbarPDF    0  ( +0, -0 )
