FullSyst    4.77205  ( +5.33576, -4.2042 )
Gammas    1.38448  ( +1.64694, -1.10795 )
Instrumental    0.819673  ( +0.869731, -0.768589 )
Instrumental_FTAG    0.165187  ( +0.219674, -0.0977182 )
Instrumental_JESR    3.21839  ( +3.72318, -2.69758 )
NormFactors    1.66727  ( +1.8059, -1.52831 )
Theory    1.19043  ( +1.20041, -1.17165 )
VVPDF    0.398528  ( +0.423096, -0.373481 )
tHqPDF    0.553088  ( +0.658502, -0.442117 )
tWHPDF    0  ( +0, -0 )
tZqPDF    0.188558  ( +0.182583, -0.191762 )
ttHPDF    0  ( +0, -0 )
ttWPDF    0  ( +0, -0 )
ttZPDF    0.0767841  ( +0.0781552, -0.074968 )
ttbarPDF    0  ( +0, -0 )
