FullSyst    18.4955  ( +19.6506, -17.3368 )
Gammas    7.83095  ( +8.62589, -7.01493 )
Instrumental    6.32005  ( +8.02626, -4.17222 )
Instrumental_FTAG    0.31979  ( +0.376829, -0.256993 )
Instrumental_JESR    4.69425  ( +4.66987, -4.70234 )
NormFactors    5.01702  ( +3.23826, -6.16063 )
Theory    12.2855  ( +12.0415, -12.4442 )
VVPDF    0.958053  ( +0.82241, -1.0627 )
tHqPDF    4.95237  ( +5.25721, -4.64724 )
tWHPDF    0.0484148  ( +0.0802632, --nan )
tZqPDF    0.334133  ( +0.33416, -0.333176 )
ttHPDF    0.522516  ( +0.527306, -0.516712 )
ttWPDF    0.72859  ( +0.762024, -0.695105 )
ttZPDF    0.388564  ( +0.378201, -0.396572 )
ttbarPDF    0.0117069  ( +0.00967794, -0.0132369 )
