FullSyst    17.706  ( +15.6125, -19.6451 )
Gammas    6.50315  ( +6.88266, -6.00907 )
Instrumental    6.55342  ( +2.30848, -9.14194 )
Instrumental_FTAG    0.359953  ( +0.464092, -0.1786 )
Instrumental_JESR    4.56461  ( +3.774, -5.2993 )
NormFactors    5.58619  ( +2.8695, -7.5068 )
Theory    11.8855  ( +10.6121, -13.1226 )
VVPDF    1.068  ( +0.870092, -1.25062 )
tHqPDF    6.09747  ( +0.388431, -8.7862 )
tWHPDF    0.0749321  ( +0.0742591, -0.0754031 )
tZqPDF    0.332772  ( +0.321074, -0.344266 )
ttHPDF    0.525831  ( +0.524324, -0.525543 )
ttWPDF    1.01053  ( +1.13806, -0.839395 )
ttZPDF    0.413383  ( +0.38429, -0.442428 )
ttbarPDF    0.0296448  ( +0.0161377, -0.0396089 )
