FullSyst    28.5437  ( +25.4686, -31.511 )
Gammas    7.13605  ( +7.14743, -7.07073 )
Instrumental    5.40837  ( +2.67784, -7.38446 )
Instrumental_FTAG    0.455615  ( +-nan, -1.59093 )
Instrumental_JESR    11.3772  ( +8.71907, -13.765 )
NormFactors    10.5276  ( +8.33568, -12.5443 )
Theory    24.0411  ( +21.6736, -26.3884 )
VVPDF    2.34205  ( +1.99059, -2.68234 )
tHqPDF    9.28563  ( +1.86822, -13.3708 )
tWHPDF    0.00144803  ( +-nan, -0.0023448 )
tZqPDF    0.833287  ( +0.809122, -0.855224 )
ttHPDF    0  ( +0, -0 )
ttWPDF    0  ( +0, -0 )
ttZPDF    0.48105  ( +0.433247, -0.528661 )
ttbarPDF    0.00390213  ( +-nan, -0.00631766 )
