FullSyst    4.07265  ( +3.60244, -4.45061 )
Gammas    0.985465  ( +1.14032, -0.80292 )
Instrumental    0.738947  ( +0.73709, -0.740744 )
Instrumental_FTAG    0.127287  ( +0.1507, -0.0988684 )
Instrumental_JESR    2.81109  ( +1.69851, -3.52589 )
NormFactors    1.64253  ( +1.46489, -1.79931 )
Theory    1.0715  ( +0.964125, -1.16749 )
VVPDF    0.391755  ( +0.384809, -0.398475 )
tHqPDF    0.516358  ( +0.31615, -0.65631 )
tWHPDF    0  ( +0, -0 )
tZqPDF    0.185295  ( +0.166374, -0.202236 )
ttHPDF    0  ( +0, -0 )
ttWPDF    0  ( +0, -0 )
ttZPDF    0.0577904  ( +0.0535893, -0.0616552 )
ttbarPDF    0  ( +0, -0 )
